"STATION","NAME","DATE","AWND","PGTM","PRCP","SNWD","TAVG","TMAX","TMIN","WDF2","WDF5","WSF2","WSF5","WT01","WT02","WT04","WT05","WT08"
"USW00025333","SITKA AIRPORT, AK US","2018-01-01","13.87"," 0023","0.45",,,"48","38","  110","  110","31.1","38.0",,,,,
"USW00025333","SITKA AIRPORT, AK US","2018-01-02","13.65"," 0805","0.56",,,"48","43","  100","  100","21.9","27.1",,,,,
"USW00025333","SITKA AIRPORT, AK US","2018-01-03","10.51"," 0538","0.40",,,"46","41","  110","  110","23.0","28.0",,,,,
"USW00025333","SITKA AIRPORT, AK US","2018-01-04","4.25"," 1614","0.99",,,"42","40","  330","  330","12.1","13.0",,,,,
"USW00025333","SITKA AIRPORT, AK US","2018-01-05","8.50"," 2003","0.25",,,"46","38","  230","  230","28.0","34.0",,,,,
"USW00025333","SITKA AIRPORT, AK US","2018-01-06","12.08"," 0813","0.46",,,"44","37","  110","  110","29.1","36.9",,,,,
"USW00025333","SITKA AIRPORT, AK US","2018-01-07","2.46"," 0025","0.01",,,"39","30","  110","  110","10.1","12.1",,,,,
"USW00025333","SITKA AIRPORT, AK US","2018-01-08","3.13"," 2051","0.00",,,"36","28","  350","  340","8.1","8.9","    1",,,,
"USW00025333","SITKA AIRPORT, AK US","2018-01-09","5.37"," 2348","0.13","0.0",,"34","25","  110","  100","18.1","21.9","    1",,,,
"USW00025333","SITKA AIRPORT, AK US","2018-01-10","6.71"," 0020","0.00",,,"28","24","  330","  110","15.0","19.0","    1",,,,
"USW00025333","SITKA AIRPORT, AK US","2018-01-11","7.16"," 0855","0.00",,,"34","23","  340","  350","13.0","17.0",,,,,
"USW00025333","SITKA AIRPORT, AK US","2018-01-12","18.57"," 0228","0.18",,,"41","33","  110","  110","28.0","35.1","    1",,,,
"USW00025333","SITKA AIRPORT, AK US","2018-01-13","20.58"," 1239","0.05",,,"53","41","  110","  110","31.1","42.1","    1",,,,
"USW00025333","SITKA AIRPORT, AK US","2018-01-14","23.94"," 1748","0.07",,,"63","52","  100","  110","35.1","46.1",,,,,
"USW00025333","SITKA AIRPORT, AK US","2018-01-15","17.00"," 2325","0.01",,,"60","52","  110","  140","30.0","40.0",,,,,
"USW00025333","SITKA AIRPORT, AK US","2018-01-16","12.75"," 0241","0.40",,,"54","41","  190","  200","28.0","36.0","    1",,,,
"USW00025333","SITKA AIRPORT, AK US","2018-01-17","2.91"," 1008","0.01",,,"47","36","  310","  310","12.1","12.1",,,,,
"USW00025333","SITKA AIRPORT, AK US","2018-01-18","2.46"," 1529","0.00",,,"46","35","  340","  340","8.9","10.1",,,,,
"USW00025333","SITKA AIRPORT, AK US","2018-01-19","3.13"," 2257","0.00",,,"42","37","  340","  340","8.1","8.9",,,,,
"USW00025333","SITKA AIRPORT, AK US","2018-01-20","9.62"," 1927","0.00",,,"45","39","  100","  110","21.0","27.1",,,,,
"USW00025333","SITKA AIRPORT, AK US","2018-01-21","5.37"," 1954","0.00",,,"43","36","  120","  110","17.0","19.9",,,,,
"USW00025333","SITKA AIRPORT, AK US","2018-01-22","10.96"," 0923","0.42",,,"41","33","  160","  160","25.9","31.1","    1",,"    1",,
"USW00025333","SITKA AIRPORT, AK US","2018-01-23","5.14"," 0221","0.00",,,"41","33","  110","  120","17.0","21.0",,,,,
"USW00025333","SITKA AIRPORT, AK US","2018-01-24","6.93"," 0612","0.04",,,"40","34","  110","  110","18.1","23.0",,,,,
"USW00025333","SITKA AIRPORT, AK US","2018-01-25","11.41"," 2253","0.00",,,"40","31","  110","  110","25.9","34.0",,,,,
"USW00025333","SITKA AIRPORT, AK US","2018-01-26","10.29"," 0616","0.16",,,"41","31","  110","  100","23.9","30.0","    1",,,,
"USW00025333","SITKA AIRPORT, AK US","2018-01-27","4.03"," 2235","0.00",,,"39","29","  110","  110","17.0","21.9",,,,,
"USW00025333","SITKA AIRPORT, AK US","2018-01-28","14.76"," 1146","0.00",,,"40","34","  100","   90","31.1","42.1",,,,,
"USW00025333","SITKA AIRPORT, AK US","2018-01-29","12.75"," 0438","0.00",,,"40","36","  110","  110","23.9","32.0",,,,,
"USW00025333","SITKA AIRPORT, AK US","2018-01-30","6.04"," 0041","0.00",,,"39","31","  100","  140","15.0","19.9","    1",,,,
"USW00025333","SITKA AIRPORT, AK US","2018-01-31","8.50"," 1354","0.00",,,"36","29","  110","  110","21.9","25.9",,,,,
"USW00025333","SITKA AIRPORT, AK US","2018-02-01","11.41"," 2302","0.00",,,"35","31","  110","  110","25.1","35.1",,,,,
"USW00025333","SITKA AIRPORT, AK US","2018-02-02","9.62"," 1347","0.00",,,"35","26","  110","  110","17.0","21.0",,,,,
"USW00025333","SITKA AIRPORT, AK US","2018-02-03","6.71"," 1419","0.00",,,"34","24","   90","  110","23.0","29.1",,,,,
"USW00025333","SITKA AIRPORT, AK US","2018-02-04","5.59"," 0238","0.00",,,"42","28","  300","  290","14.1","16.1",,,,,
"USW00025333","SITKA AIRPORT, AK US","2018-02-05","2.46"," 1449","0.00",,,"41","28","  190","  180","8.9","10.1",,,,,
"USW00025333","SITKA AIRPORT, AK US","2018-02-06","4.03"," 0311","0.10",,,"39","33","  330","  140","13.0","18.1","    1",,,,
"USW00025333","SITKA AIRPORT, AK US","2018-02-07","3.36"," 1419","0.00",,,"42","31","  320","  320","13.0","14.1",,"    1",,,
"USW00025333","SITKA AIRPORT, AK US","2018-02-08","4.03"," 1838","0.00",,,"39","28","  110","  110","12.1","15.0",,,,,
"USW00025333","SITKA AIRPORT, AK US","2018-02-09","3.36"," 0525","0.00","0.0",,"37","25","  340","  330","8.9","11.0",,,,,
"USW00025333","SITKA AIRPORT, AK US","2018-02-10","3.13"," 2015","0.00","0.0",,"37","24","  100","  100","10.1","13.0",,,,,
"USW00025333","SITKA AIRPORT, AK US","2018-02-11","4.25"," 1302","0.00",,,"40","32","  300","  300","13.0","14.1",,,,,
"USW00025333","SITKA AIRPORT, AK US","2018-02-12","7.16"," 1226","1.24",,,"43","35","  230","  180","17.0","21.9","    1",,,,
"USW00025333","SITKA AIRPORT, AK US","2018-02-13","4.92"," 0426","0.37","0.0",,"41","31","  270","  250","23.9","29.1","    1",,,,
"USW00025333","SITKA AIRPORT, AK US","2018-02-14","4.47"," 2333","0.00",,,"40","29","  100","  110","14.1","19.9","    1",,,,
"USW00025333","SITKA AIRPORT, AK US","2018-02-15","4.92"," 1519","0.43",,,"38","33","  110","  270","13.0","17.0","    1",,,,
"USW00025333","SITKA AIRPORT, AK US","2018-02-16","3.36"," 2338","0.00",,,"36","28","   40","  350","13.0","19.9",,,,,
"USW00025333","SITKA AIRPORT, AK US","2018-02-17","13.42"," 0814","0.00","0.0",,"37","30","  350","   40","25.9","42.1",,,,,
"USW00025333","SITKA AIRPORT, AK US","2018-02-18","3.58"," 0010","0.00","0.0",,"39","25","  350","  350","15.0","18.1",,,,,
"USW00025333","SITKA AIRPORT, AK US","2018-02-19","4.70"," 1412","0.03",,,"39","29","  340","  330","13.0","15.0","    1",,,,
"USW00025333","SITKA AIRPORT, AK US","2018-02-20","2.24"," 0334","0.03","0.0",,"38","28","  320","   80","8.1","8.9","    1",,,,
"USW00025333","SITKA AIRPORT, AK US","2018-02-21","3.80"," 1505","0.00",,,"41","29","  320","  310","12.1","15.0",,,,,
"USW00025333","SITKA AIRPORT, AK US","2018-02-22","8.72"," 2351","0.46",,,"42","34","  250","  250","25.1","32.0","    1",,,,
"USW00025333","SITKA AIRPORT, AK US","2018-02-23","13.20"," 0822","0.24","0.0",,"41","30","  280","  280","30.0","38.0","    1",,,,
"USW00025333","SITKA AIRPORT, AK US","2018-02-24","10.07"," 1758","0.58","0.0",,"39","30","  230","  230","25.1","31.1","    1",,"    1",,"    1"
"USW00025333","SITKA AIRPORT, AK US","2018-02-25","9.40"," 0229","0.02","0.0",,"38","32","  330","  320","21.9","25.9",,,,,
"USW00025333","SITKA AIRPORT, AK US","2018-02-26","12.53"," 1447","0.45",,,"42","33","  290","  290","40.0","46.1",,,,,
"USW00025333","SITKA AIRPORT, AK US","2018-02-27","11.18"," 0543","0.32",,,"39","32","  290","  280","28.0","32.0",,,,,
"USW00025333","SITKA AIRPORT, AK US","2018-02-28","5.82"," 1942","0.60",,,"40","30","  340","  340","21.0","27.1",,,,,
"USW00025333","SITKA AIRPORT, AK US","2018-03-01","7.61"," 2311","0.00",,,"35","27","   30","   30","17.0","25.1",,,,,
"USW00025333","SITKA AIRPORT, AK US","2018-03-02","5.14"," 0728","0.00",,,"40","26","  350","  340","21.9","25.9",,,,,
"USW00025333","SITKA AIRPORT, AK US","2018-03-03","3.36"," 1809","0.00",,,"41","25","   90","   90","8.1","8.9",,,,,
"USW00025333","SITKA AIRPORT, AK US","2018-03-04","2.46"," 0317","0.00","0.0",,"40","27","   80","   90","6.9","8.1",,,,,
"USW00025333","SITKA AIRPORT, AK US","2018-03-05","3.58"," 1923","0.00",,,"39","25","  100","  110","8.9","11.0",,,,,
"USW00025333","SITKA AIRPORT, AK US","2018-03-06","4.92"," 2351","0.00",,,"39","31","  100","  100","8.9","11.0",,,,,
"USW00025333","SITKA AIRPORT, AK US","2018-03-07","8.95"," 1150","0.31",,,"40","32","  110","  180","14.1","21.0",,,,,
"USW00025333","SITKA AIRPORT, AK US","2018-03-08","6.49"," 2348","0.24",,,"39","33","  110","  100","23.0","30.0",,,,,
"USW00025333","SITKA AIRPORT, AK US","2018-03-09","12.75"," 0231","0.42",,,"42","33","  100","  110","25.9","35.1",,,,,
"USW00025333","SITKA AIRPORT, AK US","2018-03-10","9.17"," 0701","0.48",,,"43","34","  110","  100","18.1","21.9",,,,,
"USW00025333","SITKA AIRPORT, AK US","2018-03-11","12.08"," 0845","0.51",,,"44","34","  110","  110","28.0","36.0",,,,,
"USW00025333","SITKA AIRPORT, AK US","2018-03-12","10.74"," 1746","0.01","0.0",,"54","36","  130","  110","23.0","35.1",,,,,
"USW00025333","SITKA AIRPORT, AK US","2018-03-13","10.07"," 2243","0.00","0.0",,"58","39","  110","  100","23.0","30.0",,,,,
"USW00025333","SITKA AIRPORT, AK US","2018-03-14","9.17"," 0427","0.00","0.0",,"54","42","  230","  110","18.1","21.0",,,,,
"USW00025333","SITKA AIRPORT, AK US","2018-03-15","4.25"," 1338","0.00",,,"45","36","  260","  260","13.0","14.1",,,,,
"USW00025333","SITKA AIRPORT, AK US","2018-03-16","6.71"," 1707","0.00",,,"45","36","  300","  300","19.9","21.0",,,,,
"USW00025333","SITKA AIRPORT, AK US","2018-03-17","2.91"," 0319","0.00",,,"45","34","  220","  350","8.9","11.0",,,,,
"USW00025333","SITKA AIRPORT, AK US","2018-03-18","3.36"," 1301","0.02",,,"43","33","  260","  270","8.1","8.9",,,,,
"USW00025333","SITKA AIRPORT, AK US","2018-03-19","6.04"," 2054","0.90",,,"41","36","  100","   90","12.1","14.1",,,,,
"USW00025333","SITKA AIRPORT, AK US","2018-03-20","13.65"," 1539","0.17",,,"41","33","  250","  230","25.1","33.1",,,,,
"USW00025333","SITKA AIRPORT, AK US","2018-03-21","4.92"," 1351","0.00",,,"42","30","  100","  120","14.1","18.1",,,,,
"USW00025333","SITKA AIRPORT, AK US","2018-03-22","6.26"," 1458","0.00",,,"46","34","   20","   20","19.9","27.1",,,,,
"USW00025333","SITKA AIRPORT, AK US","2018-03-23","6.71"," 0645","0.00",,,"42","31","  110","  100","14.1","17.0",,,,,
"USW00025333","SITKA AIRPORT, AK US","2018-03-24","4.03"," 1400","0.01",,,"42","28","  200","  200","16.1","21.0",,,,,
"USW00025333","SITKA AIRPORT, AK US","2018-03-25","5.82"," 0824","0.00",,,"41","32","  110","  110","15.0","18.1",,,,,
"USW00025333","SITKA AIRPORT, AK US","2018-03-26","7.38"," 1215","0.49",,,"42","31","  240","  110","16.1","21.9",,,,,
"USW00025333","SITKA AIRPORT, AK US","2018-03-27","10.74"," 1737","0.22",,,"43","38","  230","  280","21.0","36.0",,,,,
"USW00025333","SITKA AIRPORT, AK US","2018-03-28","4.25"," 1356","0.07",,,"43","36","  230","  230","13.0","16.1",,,,,
"USW00025333","SITKA AIRPORT, AK US","2018-03-29","7.83"," 1637","0.00",,,"46","33","  330","  340","23.0","27.1",,,,,
"USW00025333","SITKA AIRPORT, AK US","2018-03-30","5.82"," 1548","0.05",,,"45","28","  190","  220","15.0","21.9",,,,,
"USW00025333","SITKA AIRPORT, AK US","2018-03-31","4.70"," 2044","0.00",,,"43","33","   10","  350","15.0","19.0",,,,,
"USW00025333","SITKA AIRPORT, AK US","2018-04-01","7.16"," 0130","0.00",,,"45","31","  330","  320","19.9","21.9",,,,,
"USW00025333","SITKA AIRPORT, AK US","2018-04-02","4.25"," 1038","0.00",,,"41","30","   90","   90","13.0","17.0",,,,,
"USW00025333","SITKA AIRPORT, AK US","2018-04-03","5.14"," 1707","0.00",,,"43","28","  290","  320","14.1","16.1",,,,,
"USW00025333","SITKA AIRPORT, AK US","2018-04-04","7.61"," 1814","0.00",,,"45","31","   80","   70","15.0","19.0",,,,,
"USW00025333","SITKA AIRPORT, AK US","2018-04-05","14.32"," 1935","0.00",,,"52","38","  110","  110","28.0","36.9",,,,,
"USW00025333","SITKA AIRPORT, AK US","2018-04-06","13.42"," 0814","0.00",,,"51","45","  110","  130","21.9","29.1",,,,,
"USW00025333","SITKA AIRPORT, AK US","2018-04-07","4.25"," 1513","0.00",,,"59","38","  110","  110","14.1","17.0",,,,,
"USW00025333","SITKA AIRPORT, AK US","2018-04-08","4.92"," 1854","0.02",,,"52","40","  200","  190","16.1","19.9",,,,,
"USW00025333","SITKA AIRPORT, AK US","2018-04-09","9.62"," 2000","0.01",,,"54","43","  100","  110","25.1","34.0",,,,,
"USW00025333","SITKA AIRPORT, AK US","2018-04-10","14.54"," 1959","0.00",,,"57","45","  130","  130","29.1","36.9",,,,,
"USW00025333","SITKA AIRPORT, AK US","2018-04-11","10.74"," 1806","0.00",,,"58","43","  210","  210","29.1","34.0",,,,,
"USW00025333","SITKA AIRPORT, AK US","2018-04-12","11.63"," 1004","0.01",,,"51","43","  110","  100","21.9","27.1",,,,,
"USW00025333","SITKA AIRPORT, AK US","2018-04-13","10.74"," 0824","0.01",,,"51","40","  120","  120","19.9","25.9",,,,,
"USW00025333","SITKA AIRPORT, AK US","2018-04-14","5.37"," 0211","0.05","0.0",,"48","37","  140","  150","14.1","17.0",,,,,
"USW00025333","SITKA AIRPORT, AK US","2018-04-15","8.28"," 1737","0.00","0.0",,"50","34","  300","  290","18.1","21.0",,,,,
"USW00025333","SITKA AIRPORT, AK US","2018-04-16","4.47"," 1319","0.00",,,"49","35","  230","  220","12.1","13.0",,,,,
"USW00025333","SITKA AIRPORT, AK US","2018-04-17","6.93"," 1327","0.00",,,"46","34","  220","  220","19.9","23.0",,,,,
"USW00025333","SITKA AIRPORT, AK US","2018-04-18","11.86"," 1642","0.95",,,"46","41","  190","  200","25.1","33.1",,,,,
"USW00025333","SITKA AIRPORT, AK US","2018-04-19","13.87"," 0814","0.85",,,"45","40","  110","  110","25.9","35.1",,,,,
"USW00025333","SITKA AIRPORT, AK US","2018-04-20","5.82"," 0153","0.06",,,"45","34","  150","  150","15.0","18.1",,,,,
"USW00025333","SITKA AIRPORT, AK US","2018-04-21","7.16"," 1419","0.22",,,"47","32","  190","  200","23.0","29.1",,,,,
"USW00025333","SITKA AIRPORT, AK US","2018-04-22","13.42"," 1016","0.13",,,"47","41","  150","  140","19.9","25.1",,,,,
"USW00025333","SITKA AIRPORT, AK US","2018-04-23","14.32"," 0721","0.49",,,"45","43","  110","  110","23.9","32.0",,,,,
"USW00025333","SITKA AIRPORT, AK US","2018-04-24","6.49"," 0039","0.23",,,"46","41","  190","  190","15.0","18.1",,,,,
"USW00025333","SITKA AIRPORT, AK US","2018-04-25","5.82"," 1646","0.11",,,"45","41","  210","  280","13.0","21.9",,,,,
"USW00025333","SITKA AIRPORT, AK US","2018-04-26","4.92"," 2333","0.04",,,"45","41","  330","  330","18.1","21.9",,,,,
"USW00025333","SITKA AIRPORT, AK US","2018-04-27","12.97"," 1941","0.01",,,"46","40","  330","  330","21.0","25.1",,,,,
"USW00025333","SITKA AIRPORT, AK US","2018-04-28","6.26"," 0300","0.02",,,"47","38","  280","  280","21.0","27.1",,,,,
"USW00025333","SITKA AIRPORT, AK US","2018-04-29","5.59"," 1210","0.01","0.0",,"46","38","  120","  250","12.1","12.1",,,,,
"USW00025333","SITKA AIRPORT, AK US","2018-04-30","5.59"," 0423","0.08",,,"44","39","  110","  110","10.1","12.1",,,,,
"USW00025333","SITKA AIRPORT, AK US","2018-05-01","8.50"," 0657","0.88",,,"44","42","  190","  200","17.0","21.9",,,,,
"USW00025333","SITKA AIRPORT, AK US","2018-05-02","6.93"," 0615","0.14",,,"47","36","  290","  290","14.1","15.0",,,,,
"USW00025333","SITKA AIRPORT, AK US","2018-05-03","4.03"," 1534","0.03",,,"45","36","  130","  120","10.1","14.1",,,,,
"USW00025333","SITKA AIRPORT, AK US","2018-05-04","6.71"," 1651","0.10",,,"48","42","  200","  190","17.0","21.0",,,,,
"USW00025333","SITKA AIRPORT, AK US","2018-05-05","11.41"," 0431","0.31",,,"50","44","  190","  200","21.9","30.0",,,,,
"USW00025333","SITKA AIRPORT, AK US","2018-05-06","4.03"," 1603","0.00",,,"56","41","  230","  220","10.1","12.1",,,,,
"USW00025333","SITKA AIRPORT, AK US","2018-05-07","4.25"," 1445","0.00",,,"53","43","  300","  230","12.1","12.1",,,,,
"USW00025333","SITKA AIRPORT, AK US","2018-05-08","4.70"," 0300","0.00",,,"51","43","  290","  350","10.1","13.0",,,,,
"USW00025333","SITKA AIRPORT, AK US","2018-05-09","2.91"," 1454","0.20",,,"56","43","  200","  210","17.0","23.0",,,,,
"USW00025333","SITKA AIRPORT, AK US","2018-05-10","7.16"," 1647","0.00",,,"52","43","  190","  190","21.0","28.0",,,,,
"USW00025333","SITKA AIRPORT, AK US","2018-05-11","8.95"," 2344","0.76",,,"48","44","  180","  180","17.0","23.9",,,,,
"USW00025333","SITKA AIRPORT, AK US","2018-05-12","8.72"," 0030","0.16",,,"49","44","  220","  190","16.1","21.0",,,,,
"USW00025333","SITKA AIRPORT, AK US","2018-05-13","11.63"," 1242","0.16",,,"54","43","  190","  190","25.9","36.0",,,,,
"USW00025333","SITKA AIRPORT, AK US","2018-05-14","7.83"," 0133","0.27",,,"45","39","  170","  170","19.9","28.0",,,,,
"USW00025333","SITKA AIRPORT, AK US","2018-05-15","9.84"," 1635","0.03",,,"50","38","  330","  310","18.1","21.9",,,,,
"USW00025333","SITKA AIRPORT, AK US","2018-05-16","12.30"," 1542","0.00",,,"51","38","  310","  310","21.0","23.0",,,,,
"USW00025333","SITKA AIRPORT, AK US","2018-05-17","3.58"," 0318","0.00","0.0",,"57","38","  230","  320","10.1","12.1",,,,,
"USW00025333","SITKA AIRPORT, AK US","2018-05-18","8.05"," 0735","0.00",,,"52","45","  230","  230","19.9","21.9",,,,,
"USW00025333","SITKA AIRPORT, AK US","2018-05-19","5.82"," 1035","0.00",,,"50","45","  230","  240","12.1","14.1",,,,,
"USW00025333","SITKA AIRPORT, AK US","2018-05-20","6.49"," 2005","0.37",,,"52","46","  200","  200","17.0","21.0",,,,,
"USW00025333","SITKA AIRPORT, AK US","2018-05-21","10.51"," 1350","0.63","0.0",,"53","47","  180","  190","30.0","40.0",,,,,
"USW00025333","SITKA AIRPORT, AK US","2018-05-22","8.28"," 1011","0.16","0.0",,"52","44","  200","  190","23.0","32.0",,,,,
"USW00025333","SITKA AIRPORT, AK US","2018-05-23","5.82"," 1835","0.00",,,"55","42","  230","  220","13.0","16.1",,,,,
"USW00025333","SITKA AIRPORT, AK US","2018-05-24","6.49"," 1452","0.17",,,"52","45","  190","  200","21.9","29.1",,,,,
"USW00025333","SITKA AIRPORT, AK US","2018-05-25","3.80"," 1141","0.11",,,"50","45","  200","  190","21.0","27.1",,,,,
"USW00025333","SITKA AIRPORT, AK US","2018-05-26","12.75"," 1827","0.31",,,"52","44","  160","  160","29.1","36.9",,,,,
"USW00025333","SITKA AIRPORT, AK US","2018-05-27","10.29"," 0242","0.23",,,"51","45","  170","  170","23.9","33.1",,,,,
"USW00025333","SITKA AIRPORT, AK US","2018-05-28","6.93"," 0503","1.03",,,"50","42","  110","  100","18.1","21.0",,,,,
"USW00025333","SITKA AIRPORT, AK US","2018-05-29","4.70"," 1235","0.00",,,"54","41","  230","  230","10.1","12.1",,,,,
"USW00025333","SITKA AIRPORT, AK US","2018-05-30","4.03"," 1144","0.00",,,"53","44","  230","  210","8.9","11.0",,,,,
"USW00025333","SITKA AIRPORT, AK US","2018-05-31","4.03"," 1333","0.00",,,"54","42","  250","  260","10.1","13.0",,,,,
"USW00025333","SITKA AIRPORT, AK US","2018-06-01","8.50"," 1144","0.02",,,"58","44","  210","  110","18.1","21.9",,,,,
"USW00025333","SITKA AIRPORT, AK US","2018-06-02","5.37"," 0935","0.19",,,"53","45","  220","  200","14.1","18.1",,,,,
"USW00025333","SITKA AIRPORT, AK US","2018-06-03","3.80"," 1338","0.00",,,"57","43","  230","  220","13.0","14.1",,,,,
"USW00025333","SITKA AIRPORT, AK US","2018-06-04","4.03"," 0952","0.07",,,"52","46","  210","  220","12.1","14.1",,,,,
"USW00025333","SITKA AIRPORT, AK US","2018-06-05","5.37"," 1125","0.00",,,"63","44","  130","  130","15.0","19.0",,,,,
"USW00025333","SITKA AIRPORT, AK US","2018-06-06","9.84"," 0912","0.07",,,"57","47","  130","  120","19.9","27.1",,,,,
"USW00025333","SITKA AIRPORT, AK US","2018-06-07","8.05"," 2331","0.04",,,"59","48","  190","  190","23.0","31.1",,,,,
"USW00025333","SITKA AIRPORT, AK US","2018-06-08","6.49"," 0003","0.02","0.0",,"59","45","  190","  190","19.9","25.1",,,,,
"USW00025333","SITKA AIRPORT, AK US","2018-06-09","8.05"," 1541","0.19",,,"60","44","  300","  300","19.9","21.9",,,,,
"USW00025333","SITKA AIRPORT, AK US","2018-06-10","6.71"," 1019","1.09",,,"53","46","  100","   80","14.1","16.1",,,,,
"USW00025333","SITKA AIRPORT, AK US","2018-06-11","4.70"," 0054","0.07",,,"51","49","  260","  260","12.1","14.1",,,,,
"USW00025333","SITKA AIRPORT, AK US","2018-06-12","4.92"," 1116","0.02",,,"63","46","  220","  110","15.0","18.1",,,,,
"USW00025333","SITKA AIRPORT, AK US","2018-06-13","5.14"," 2117","0.10",,,"56","49","  310","  310","17.0","19.0",,,,,
"USW00025333","SITKA AIRPORT, AK US","2018-06-14","6.71"," 1142","0.01",,,"54","49","  300","  250","15.0","17.0",,,,,
"USW00025333","SITKA AIRPORT, AK US","2018-06-15","6.71"," 1810","0.00",,,"60","50","  310","  310","16.1","19.0",,,,,
"USW00025333","SITKA AIRPORT, AK US","2018-06-16","4.47"," 2109","0.36",,,"57","48","  190","  190","17.0","21.9",,,,,
"USW00025333","SITKA AIRPORT, AK US","2018-06-17","3.80"," 0025","0.02",,,"54","52","  210","  220","13.0","16.1",,,,,
"USW00025333","SITKA AIRPORT, AK US","2018-06-18","3.58"," 1014","0.00",,,"62","52","  300","  300","10.1","12.1",,,,,
"USW00025333","SITKA AIRPORT, AK US","2018-06-19","3.80"," 2113","0.00",,,"67","52","  300","  320","10.1","12.1",,,,,
"USW00025333","SITKA AIRPORT, AK US","2018-06-20","3.36"," 2309","0.00",,,"62","52","  210","  220","8.9","12.1",,,,,
"USW00025333","SITKA AIRPORT, AK US","2018-06-21","5.59"," 2254","0.00",,,"57","52","  230","  240","10.1","12.1",,,,,
"USW00025333","SITKA AIRPORT, AK US","2018-06-22","7.61"," 1430","0.00",,,"60","52","  300","  300","17.0","19.9",,,,,
"USW00025333","SITKA AIRPORT, AK US","2018-06-23","4.70"," 2156","0.00",,,"57","49","  200","  200","10.1","13.0",,,,,
"USW00025333","SITKA AIRPORT, AK US","2018-06-24","4.47"," 1731","0.05",,,"61","50","  230","  230","12.1","12.1",,,,,
"USW00025333","SITKA AIRPORT, AK US","2018-06-25","8.95"," 1507","0.01",,,"60","50","  310","  300","21.0","23.0",,,,,
"USW00025333","SITKA AIRPORT, AK US","2018-06-26","6.04"," 0105","0.11",,,"55","49","  290","  290","17.0","19.9",,,,,
"USW00025333","SITKA AIRPORT, AK US","2018-06-27","3.13"," 1226","0.00",,,"56","50","  260","  260","6.9","10.1",,,,,
"USW00025333","SITKA AIRPORT, AK US","2018-06-28","4.92"," 1927","0.20",,,"61","50","  210","  200","14.1","19.0",,,,,
"USW00025333","SITKA AIRPORT, AK US","2018-06-29","3.58"," 0755","0.38",,,"57","51","  310","  210","12.1","13.0",,,,,
"USW00025333","SITKA AIRPORT, AK US","2018-06-30","4.70"," 1449","0.14",,,"57","51","  280","  230","14.1","16.1",,,,,
"USW00025333","SITKA AIRPORT, AK US","2018-07-01","7.38"," 1518","0.25",,,"62","50","  300","  300","19.9","21.0",,,,,
"USW00025333","SITKA AIRPORT, AK US","2018-07-02","7.83"," 2315","0.01",,,"58","53","  330","  340","13.0","16.1",,,,,
"USW00025333","SITKA AIRPORT, AK US","2018-07-03","5.14"," 0349","0.00",,,"70","54","  340","  340","15.0","18.1",,,,,
"USW00025333","SITKA AIRPORT, AK US","2018-07-04","2.91"," 1539","0.00",,,"70","55","  220","  220","12.1","13.0",,,,,
"USW00025333","SITKA AIRPORT, AK US","2018-07-05","4.92"," 1703","0.00",,,"67","55","  300","  310","13.0","14.1",,,,,
"USW00025333","SITKA AIRPORT, AK US","2018-07-06","7.16"," 0046","0.00",,,"59","55","  200","  210","15.0","19.0",,,,,
"USW00025333","SITKA AIRPORT, AK US","2018-07-07","3.80"," 1216","0.00",,,"58","55","  230","  210","8.1","10.1",,,,,
"USW00025333","SITKA AIRPORT, AK US","2018-07-08","4.47"," 0450","0.00",,,"62","54","  230","  210","12.1","13.0",,,,,
"USW00025333","SITKA AIRPORT, AK US","2018-07-09","6.71"," 2311","0.00",,,"66","55","  200","  190","17.0","23.0",,,,,
"USW00025333","SITKA AIRPORT, AK US","2018-07-10","9.62"," 0033","0.44",,,"59","53","  190","  190","21.0","25.9",,,,,
"USW00025333","SITKA AIRPORT, AK US","2018-07-11","6.04"," 0917","0.29",,,"56","50","  210","  160","13.0","21.0",,,,,
"USW00025333","SITKA AIRPORT, AK US","2018-07-12","7.38"," 1917","0.02",,,"63","49","  310","  310","17.0","19.0",,,,,
"USW00025333","SITKA AIRPORT, AK US","2018-07-13","8.28"," 1437","0.00","0.0",,"65","48","  300","  300","18.1","21.0",,,,,
"USW00025333","SITKA AIRPORT, AK US","2018-07-14","4.92"," 1219","0.32",,,"58","52","  200","  190","17.0","21.9",,,,,
"USW00025333","SITKA AIRPORT, AK US","2018-07-15","6.71"," 1739","0.75",,,"56","52","  230","  160","15.0","18.1",,,,,
"USW00025333","SITKA AIRPORT, AK US","2018-07-16","4.70"," 0223","0.61",,,"59","52","  220","  170","13.0","18.1",,,,,
"USW00025333","SITKA AIRPORT, AK US","2018-07-17","6.26"," 1630","0.00",,,"64","52","  290","  290","18.1","21.9",,,,,
"USW00025333","SITKA AIRPORT, AK US","2018-07-18","3.58"," 0452","0.16",,,"60","53","  330","  170","8.9","16.1",,,,,
"USW00025333","SITKA AIRPORT, AK US","2018-07-19","6.49"," 1738","0.14",,,"60","53","  320","  310","14.1","16.1",,,,,
"USW00025333","SITKA AIRPORT, AK US","2018-07-20","12.97"," 2309","0.00",,,"61","56","  340","  330","19.9","23.9",,,,,
"USW00025333","SITKA AIRPORT, AK US","2018-07-21","12.53"," 0554","0.00","0.0",,"65","55","  340","  340","19.9","25.1",,,,,
"USW00025333","SITKA AIRPORT, AK US","2018-07-22","6.71"," 1925","0.00","0.0",,"65","54","  320","  320","14.1","16.1",,,,,
"USW00025333","SITKA AIRPORT, AK US","2018-07-23","6.71"," 0144","0.00",,,"63","54","  330","  330","12.1","12.1",,,,,
"USW00025333","SITKA AIRPORT, AK US","2018-07-24","4.92"," 1558","0.00",,,"59","52","  230","  230","10.1","12.1",,,,,
"USW00025333","SITKA AIRPORT, AK US","2018-07-25","2.24"," 0533","0.00",,,"64","52","  310","  320","8.1","8.9",,,,,
"USW00025333","SITKA AIRPORT, AK US","2018-07-26","4.92"," 2130","0.00",,,"65","58","  320","  320","14.1","15.0",,,,,
"USW00025333","SITKA AIRPORT, AK US","2018-07-27","13.87"," 1723","0.00",,,"68","58","  300","  300","21.0","23.0",,,,,
"USW00025333","SITKA AIRPORT, AK US","2018-07-28","16.11"," 0828","0.00",,,"66","56","  310","  330","21.9","25.9",,,,,
"USW00025333","SITKA AIRPORT, AK US","2018-07-29","11.86"," 1523","0.00",,,"64","56","  310","  320","18.1","21.9",,,,,
"USW00025333","SITKA AIRPORT, AK US","2018-07-30","14.99"," 0928","0.00",,,"67","58","  320","  320","23.0","25.1",,,,,
"USW00025333","SITKA AIRPORT, AK US","2018-07-31","13.42"," 0210","0.00",,,"65","56","  330","  340","18.1","21.9",,,,,
"USW00025333","SITKA AIRPORT, AK US","2018-08-01","9.17"," 1009","0.00",,,"66","56","  290","  290","16.1","18.1",,,,,
"USW00025333","SITKA AIRPORT, AK US","2018-08-02","5.59"," 2226","0.17",,,"59","56","  190","  200","19.9","23.9",,,,,
"USW00025333","SITKA AIRPORT, AK US","2018-08-03","12.75"," 2006","0.01",,,"67","55","  110","   80","21.9","29.1",,,,,
"USW00025333","SITKA AIRPORT, AK US","2018-08-04","11.18"," 1157","0.00",,,"73","55","  110","  110","21.9","28.0",,,,,
"USW00025333","SITKA AIRPORT, AK US","2018-08-05","2.91"," 1734","0.00",,,"72","54","  310","  320","13.0","14.1",,,,,
"USW00025333","SITKA AIRPORT, AK US","2018-08-06","3.13"," 1253","0.00",,,"64","56","  220","  220","12.1","14.1",,,,,
"USW00025333","SITKA AIRPORT, AK US","2018-08-07","8.05"," 1402","0.07",,,"62","55","  200","  190","21.9","28.0",,,,,
"USW00025333","SITKA AIRPORT, AK US","2018-08-08","10.74"," 1039","2.62",,,"61","57","  180","  160","19.9","27.1",,,,,
"USW00025333","SITKA AIRPORT, AK US","2018-08-09","7.61"," 0021","0.65",,,"61","55","  170","  170","21.0","27.1",,,,,
"USW00025333","SITKA AIRPORT, AK US","2018-08-10","3.58"," 1437","0.01",,,"63","53","  230","  240","8.9","11.0",,,,,
"USW00025333","SITKA AIRPORT, AK US","2018-08-11","8.05"," 1415","0.00",,,"65","51","  290","  280","19.9","21.9",,,,,
"USW00025333","SITKA AIRPORT, AK US","2018-08-12","3.58"," 2148","0.05",,,"62","56","  230","  200","10.1","12.1",,,,,
"USW00025333","SITKA AIRPORT, AK US","2018-08-13","10.51"," 1358","1.29",,,"59","56","  190","  190","21.9","29.1",,,,,
"USW00025333","SITKA AIRPORT, AK US","2018-08-14","5.82"," 0543","0.09",,,"61","55","  310","  310","14.1","16.1",,,,,
"USW00025333","SITKA AIRPORT, AK US","2018-08-15","4.70"," 0905","0.00",,,"60","52","  110","  110","12.1","14.1",,,,,
"USW00025333","SITKA AIRPORT, AK US","2018-08-16","4.47"," 1431","0.00",,,"63","53","  230","  230","10.1","12.1",,,,,
"USW00025333","SITKA AIRPORT, AK US","2018-08-17","6.26"," 1541","0.20",,,"66","52","  290","  290","17.0","18.1",,,,,
"USW00025333","SITKA AIRPORT, AK US","2018-08-18","2.91"," 1455","0.00",,,"63","51","  230","  230","8.1","8.9",,,,,
"USW00025333","SITKA AIRPORT, AK US","2018-08-19","4.25"," 1722","0.00",,,"67","51","  310","  310","15.0","17.0",,,,,
"USW00025333","SITKA AIRPORT, AK US","2018-08-20","4.47"," 1656","0.00",,,"65","52","  190","  200","10.1","13.0",,,,,
"USW00025333","SITKA AIRPORT, AK US","2018-08-21","5.82"," 1153","0.25",,,"63","55","  220","  220","21.0","25.9",,,,,
"USW00025333","SITKA AIRPORT, AK US","2018-08-22","4.47"," 0359","0.46",,,"59","55","  220","  190","10.1","13.0",,,,,
"USW00025333","SITKA AIRPORT, AK US","2018-08-23","2.91"," 0912","0.02",,,"60","55","   80","  200","6.9","8.9",,,,,
"USW00025333","SITKA AIRPORT, AK US","2018-08-24","5.59"," 1650","0.39",,,"58","54","  290","  260","12.1","14.1",,,,,
"USW00025333","SITKA AIRPORT, AK US","2018-08-25","4.47"," 1236","0.32",,,"58","54","  320","  310","16.1","19.0","    1",,,,
"USW00025333","SITKA AIRPORT, AK US","2018-08-26","3.58"," 2045","0.00",,,"63","51","  160","  160","10.1","13.0",,,,,
"USW00025333","SITKA AIRPORT, AK US","2018-08-27","7.38"," 2246","0.63",,,"59","55","  190","  190","17.0","23.9",,,,,
"USW00025333","SITKA AIRPORT, AK US","2018-08-28","7.16"," 0741","1.33",,,"61","56","  190","  180","17.0","23.9",,,,,
"USW00025333","SITKA AIRPORT, AK US","2018-08-29","4.47"," 1800","0.00",,,"62","53","  310","  320","13.0","14.1",,,,,
"USW00025333","SITKA AIRPORT, AK US","2018-08-30","6.71"," 1343","0.21","0.0",,"61","53","  190","  200","15.0","19.0",,,,,
"USW00025333","SITKA AIRPORT, AK US","2018-08-31","8.50"," 0126","0.23",,,"61","54","  310","  270","23.0","32.0",,,,,
"USW00025333","SITKA AIRPORT, AK US","2018-09-01","5.37"," 1930","0.39",,,"57","52","  110","  110","17.0","23.0",,,,,
"USW00025333","SITKA AIRPORT, AK US","2018-09-02","8.05"," 1409","0.00",,,"63","49","  290","  290","19.9","23.0",,,,,
"USW00025333","SITKA AIRPORT, AK US","2018-09-03","3.36"," 1423","0.00",,,"62","48","  220","  250","8.9","11.0",,,,,
"USW00025333","SITKA AIRPORT, AK US","2018-09-04","2.46"," 1916","0.00",,,"65","48","  220","  100","8.1","8.9",,,,,
"USW00025333","SITKA AIRPORT, AK US","2018-09-05","2.91"," 1200","0.00",,,"67","50","  210","  210","12.1","13.0",,,,,
"USW00025333","SITKA AIRPORT, AK US","2018-09-06","2.01"," 1305","0.00",,,"64","50","  220","  220","8.1","8.9",,,,,
"USW00025333","SITKA AIRPORT, AK US","2018-09-07","5.59"," 1853","0.14",,,"65","52","  110","  130","15.0","21.0",,,,,
"USW00025333","SITKA AIRPORT, AK US","2018-09-08","6.04"," 1039","0.01",,,"68","55","  120","  130","17.0","21.0",,,,,
"USW00025333","SITKA AIRPORT, AK US","2018-09-09","2.46"," 1122","0.01",,,"66","54","  130","  110","10.1","13.0",,,,,
"USW00025333","SITKA AIRPORT, AK US","2018-09-10","3.13"," 1119","0.00",,,"71","51","  280","  320","8.9","10.1",,,,,
"USW00025333","SITKA AIRPORT, AK US","2018-09-11","3.58"," 1727","0.00","0.0",,"69","50","  330","  330","15.0","17.0",,,,,
"USW00025333","SITKA AIRPORT, AK US","2018-09-12","6.49"," 1547","0.00",,,"67","47","  300","  300","17.0","19.9",,,,,
"USW00025333","SITKA AIRPORT, AK US","2018-09-13","2.46"," 1211","0.00",,,"61","49","   90","  310","8.1","8.9",,,,,
"USW00025333","SITKA AIRPORT, AK US","2018-09-14","3.80"," 1419","0.00",,,"65","46","   60","  110","16.1","23.0",,,,,
"USW00025333","SITKA AIRPORT, AK US","2018-09-15","4.70"," 1628","0.00",,,"62","45","  330","  330","17.0","19.9",,,,,
"USW00025333","SITKA AIRPORT, AK US","2018-09-16","3.80"," 1218","0.00",,,"59","41","  110","  230","10.1","12.1",,,,,
"USW00025333","SITKA AIRPORT, AK US","2018-09-17","3.13"," 1451","0.00",,,"60","41","  230","  240","10.1","12.1",,,,,
"USW00025333","SITKA AIRPORT, AK US","2018-09-18","4.70"," 1639","0.00",,,"64","44","  320","  320","13.0","14.1",,,,,
"USW00025333","SITKA AIRPORT, AK US","2018-09-19","2.91"," 1700","0.00",,,"63","42","  300","  300","14.1","16.1",,,,,
"USW00025333","SITKA AIRPORT, AK US","2018-09-20","1.79"," 1052","0.00",,,"58","43","  230","  230","6.9","6.9",,,,,
"USW00025333","SITKA AIRPORT, AK US","2018-09-21","4.03"," 1536","0.00",,,"64","43","  310","  300","16.1","18.1",,,,,
"USW00025333","SITKA AIRPORT, AK US","2018-09-22","4.70"," 1358","0.12",,,"56","43","  100","  190","13.0","16.1",,,,,
"USW00025333","SITKA AIRPORT, AK US","2018-09-23","7.83"," 1559","0.79",,,"56","50","  220","  230","16.1","19.0",,,,,
"USW00025333","SITKA AIRPORT, AK US","2018-09-24","5.59"," 2334","0.22",,,"56","50","  190","  190","12.1","17.0",,,,,
"USW00025333","SITKA AIRPORT, AK US","2018-09-25","10.51"," 1227","1.52",,,"57","54","  190","  200","21.0","28.0",,,,,
"USW00025333","SITKA AIRPORT, AK US","2018-09-26","2.91"," 0031","0.31",,,"57","53","  180","  170","13.0","18.1",,,,,
"USW00025333","SITKA AIRPORT, AK US","2018-09-27","1.34"," 1532","0.03",,,"57","53","  240","  220","6.0","6.9",,,,,
"USW00025333","SITKA AIRPORT, AK US","2018-09-28","4.03"," 1534","0.01",,,"61","50","  330","  330","16.1","19.0",,,,,
"USW00025333","SITKA AIRPORT, AK US","2018-09-29","2.91"," 1316","0.00",,,"64","45","  110","  110","13.0","17.0",,,,,
"USW00025333","SITKA AIRPORT, AK US","2018-09-30","2.91"," 0323","0.00",,,"63","43","  260","   80","8.9","11.0",,,,,
"USW00025333","SITKA AIRPORT, AK US","2018-10-01","6.26"," 1331","0.00",,,"66","41","   80","  350","18.1","25.9",,,,,
"USW00025333","SITKA AIRPORT, AK US","2018-10-02","4.03"," 1646","0.00",,,"56","40","  320","  310","12.1","16.1",,,,,
"USW00025333","SITKA AIRPORT, AK US","2018-10-03","3.80"," 2115","0.00",,,"54","38","   90","   90","8.9","10.1",,,,,
"USW00025333","SITKA AIRPORT, AK US","2018-10-04","7.83"," 1642","0.01",,,"54","38","  110","  110","18.1","23.0",,,,,
"USW00025333","SITKA AIRPORT, AK US","2018-10-05","7.16"," 0536","0.78",,,"57","49","  110","  110","21.0","25.1",,,,,
"USW00025333","SITKA AIRPORT, AK US","2018-10-06","3.13"," 1243","0.08",,,"52","48","  200","  200","12.1","14.1",,,,,
"USW00025333","SITKA AIRPORT, AK US","2018-10-07","3.13"," 0031","0.25",,,"53","49","  110","  120","10.1","13.0",,,,,
"USW00025333","SITKA AIRPORT, AK US","2018-10-08","8.05"," 0754","0.23",,,"56","42","  340","  330","23.9","29.1",,,,,
"USW00025333","SITKA AIRPORT, AK US","2018-10-09","2.68"," 0459","0.00",,,"54","40","   80","   80","8.1","8.9",,,,,
"USW00025333","SITKA AIRPORT, AK US","2018-10-10","2.91"," 1926","1.51",,,"53","45","  130","  120","12.1","14.1",,,,,
"USW00025333","SITKA AIRPORT, AK US","2018-10-11","5.14"," 1657","0.40",,,"52","46","  360","   10","16.1","21.0",,,,,
"USW00025333","SITKA AIRPORT, AK US","2018-10-12","5.14"," 0040","0.02",,,"54","43","  290","  290","13.0","19.0",,,,,
"USW00025333","SITKA AIRPORT, AK US","2018-10-13","10.51"," 1553","0.40",,,"56","47","  170","  160","21.9","30.0",,,,,
"USW00025333","SITKA AIRPORT, AK US","2018-10-14","18.79"," 2055","0.38",,,"57","54","  170","  170","30.0","40.9",,,,,
"USW00025333","SITKA AIRPORT, AK US","2018-10-15","13.42"," 0033","0.02",,,"60","53","  170","  170","25.1","32.0",,,,,
"USW00025333","SITKA AIRPORT, AK US","2018-10-16","11.18"," 0755","1.50",,,"59","51","  130","  100","21.0","28.0",,,,,
"USW00025333","SITKA AIRPORT, AK US","2018-10-17","5.82"," 1216","0.16",,,"55","49","  200","  190","10.1","13.0",,,,,
"USW00025333","SITKA AIRPORT, AK US","2018-10-18","12.08"," 2041","0.08",,,"55","48","  120","  120","35.1","40.9",,,,,
"USW00025333","SITKA AIRPORT, AK US","2018-10-19","18.34"," 0436","0.87",,,"56","49","  100","  110","35.1","42.9",,,,,
"USW00025333","SITKA AIRPORT, AK US","2018-10-20","10.29"," 0303","0.20",,,"54","48","  250","  260","21.0","25.9",,,,,
"USW00025333","SITKA AIRPORT, AK US","2018-10-21","14.32"," 2305","0.08",,,"56","50","  100","  100","25.1","33.1",,,,,
"USW00025333","SITKA AIRPORT, AK US","2018-10-22","20.58"," 2352","0.93",,,"61","48","  110","  110","35.1","44.1",,,,,
"USW00025333","SITKA AIRPORT, AK US","2018-10-23","13.87"," 0149","0.25",,,"61","51","  110","  120","35.1","46.1",,,,,
"USW00025333","SITKA AIRPORT, AK US","2018-10-24","19.46"," 1506","0.00",,,"55","50","  120","  120","36.0","46.1",,,,,
"USW00025333","SITKA AIRPORT, AK US","2018-10-25","16.33"," 0419","0.49",,,"55","48","  160","  160","35.1","50.1",,,,,
"USW00025333","SITKA AIRPORT, AK US","2018-10-26","8.50"," 1106","0.60",,,"51","44","  180","  190","15.0","21.0",,,,,
"USW00025333","SITKA AIRPORT, AK US","2018-10-27","11.41"," 1515","0.01",,,"54","46","  110","  110","21.9","28.0",,,,,
"USW00025333","SITKA AIRPORT, AK US","2018-10-28","12.30"," 0607","0.00",,,"54","45","  110","  110","23.0","33.1",,,,,
"USW00025333","SITKA AIRPORT, AK US","2018-10-29","10.07"," 2346","0.24",,,"55","46","  230","  230","28.0","35.1",,,,,
"USW00025333","SITKA AIRPORT, AK US","2018-10-30","8.50"," 0114","0.23",,,"51","41","  250","  250","29.1","38.0",,,,,
"USW00025333","SITKA AIRPORT, AK US","2018-10-31","3.80"," 2350","0.03",,,"47","39","  100","  110","16.1","19.9",,,,,
"USW00025333","SITKA AIRPORT, AK US","2018-11-01","16.78"," 1729","0.06",,,"49","43","  110","  100","29.1","36.9",,,,,
"USW00025333","SITKA AIRPORT, AK US","2018-11-02","6.49"," 1745","0.30",,,"45","40","  110","  110","21.0","23.9",,,,,
"USW00025333","SITKA AIRPORT, AK US","2018-11-03","6.49"," 0018","0.35",,,"50","44","  110","  100","23.0","30.0",,,,,
"USW00025333","SITKA AIRPORT, AK US","2018-11-04","6.49"," 1325","0.30",,,"48","44","  110","  300","14.1","25.9",,,,,
"USW00025333","SITKA AIRPORT, AK US","2018-11-05","4.03"," 1636","0.01",,,"47","35","  310","  110","12.1","13.0",,,,,
"USW00025333","SITKA AIRPORT, AK US","2018-11-06","3.13"," 0115","0.00",,,"46","32","   90","   90","8.9","10.1",,,,,
"USW00025333","SITKA AIRPORT, AK US","2018-11-07","12.53"," 2215","0.04",,,"50","33","  110","  110","28.0","36.0",,,,,
"USW00025333","SITKA AIRPORT, AK US","2018-11-08","13.42"," 0040","0.49",,,"51","45","  220","  100","25.1","34.0",,,,,
"USW00025333","SITKA AIRPORT, AK US","2018-11-09","9.62"," 0459","0.25",,,"50","43","  290","  270","23.0","29.1",,,,,
"USW00025333","SITKA AIRPORT, AK US","2018-11-10","6.49"," 0810","0.23",,,"47","43","  160","  170","12.1","14.1",,,,,
"USW00025333","SITKA AIRPORT, AK US","2018-11-11","11.86"," 1115","0.13",,,"50","45","  120","   90","17.0","25.1",,,,,
"USW00025333","SITKA AIRPORT, AK US","2018-11-12","17.00"," 1956","0.08",,,"54","49","  110","  110","28.0","36.9",,,,,
"USW00025333","SITKA AIRPORT, AK US","2018-11-13","16.33"," 1139","0.56",,,"53","46","  290","  110","31.1","38.9",,,,,
"USW00025333","SITKA AIRPORT, AK US","2018-11-14","8.95"," 1606","0.92",,,"49","45","  110","  100","16.1","30.0",,,,,
"USW00025333","SITKA AIRPORT, AK US","2018-11-15","3.36"," 0001","0.14",,,"48","37","  100","  110","14.1","17.0",,,,,
"USW00025333","SITKA AIRPORT, AK US","2018-11-16","4.47"," 2316","0.52",,,"48","36","  120","  120","13.0","17.0",,,,,
"USW00025333","SITKA AIRPORT, AK US","2018-11-17","11.18"," 0905","1.65",,,"54","47","  160","  180","29.1","38.9",,,,,
"USW00025333","SITKA AIRPORT, AK US","2018-11-18","7.38"," 1109","0.88",,,"52","47","  190","  190","17.0","23.9",,,,,
"USW00025333","SITKA AIRPORT, AK US","2018-11-19","7.83"," 1837","0.02",,,"52","45","  130","  120","21.0","25.1",,,,,
"USW00025333","SITKA AIRPORT, AK US","2018-11-20","8.72"," 0203","0.43",,,"51","43","  110","  110","21.9","25.9",,,,,
"USW00025333","SITKA AIRPORT, AK US","2018-11-21","4.70"," 0131","0.06",,,"46","38","  110","  110","12.1","15.0",,,,,
"USW00025333","SITKA AIRPORT, AK US","2018-11-22","6.04"," 0401","0.18",,,"47","39","  110","  110","15.0","19.0",,,,,
"USW00025333","SITKA AIRPORT, AK US","2018-11-23","2.24"," 1818","0.00",,,"44","34","  100","  100","8.1","10.1",,,,,
"USW00025333","SITKA AIRPORT, AK US","2018-11-24","13.87"," 0807","0.04",,,"48","36","  100","  100","23.0","28.0",,,,,
"USW00025333","SITKA AIRPORT, AK US","2018-11-25","16.78"," 2023","0.04",,,"54","48","  110","  100","31.1","42.1",,,,,
"USW00025333","SITKA AIRPORT, AK US","2018-11-26","9.84"," 0018","0.73",,,"53","46","  120","  120","25.9","36.0",,,,,
"USW00025333","SITKA AIRPORT, AK US","2018-11-27","1.57"," 1224","0.00",,,"47","41","  300","  310","6.9","6.9",,,,,
"USW00025333","SITKA AIRPORT, AK US","2018-11-28","1.57"," 1920","0.28",,,"45","40","  100","   80","6.9","8.1",,,,,
"USW00025333","SITKA AIRPORT, AK US","2018-11-29","5.82"," 1418","0.13",,,"43","34","  340","  340","17.0","19.0",,,,,
"USW00025333","SITKA AIRPORT, AK US","2018-11-30","2.91"," 1420","0.03",,,"39","31","  310","  300","10.1","13.0",,,,,
"USW00025333","SITKA AIRPORT, AK US","2018-12-01","2.68"," 1534","0.00",,,"36","28","   90","   90","6.9","10.1",,,,,
"USW00025333","SITKA AIRPORT, AK US","2018-12-02","2.46"," 1504","0.02",,,"39","32","  330","  320","8.9","11.0",,,,,
"USW00025333","SITKA AIRPORT, AK US","2018-12-03","4.25"," 2144","0.02",,,"39","32","   90","  160","8.9","12.1",,,,,
"USW00025333","SITKA AIRPORT, AK US","2018-12-04","4.47"," 0448","0.02",,,"41","35","   90","  110","8.1","10.1",,,,,
"USW00025333","SITKA AIRPORT, AK US","2018-12-05","2.01"," 1630","0.00",,,"41","35","   80","   90","8.9","12.1",,,,,
"USW00025333","SITKA AIRPORT, AK US","2018-12-06","6.93"," 2353","0.01",,,"44","39","  110","  110","21.0","25.9",,,,,
"USW00025333","SITKA AIRPORT, AK US","2018-12-07","19.01"," 1636","0.04",,,"48","40","  110","  110","36.9","45.0",,,,,
"USW00025333","SITKA AIRPORT, AK US","2018-12-08","22.82"," 1917","0.06",,,"52","45","  110","  120","35.1","46.1",,,,,
"USW00025333","SITKA AIRPORT, AK US","2018-12-09","16.78"," 1219","0.42",,,"50","41","  160","  160","33.1","44.1",,,,,
"USW00025333","SITKA AIRPORT, AK US","2018-12-10","20.36"," 1545","1.30",,,"45","42","  110","  110","36.0","51.0",,,,,
"USW00025333","SITKA AIRPORT, AK US","2018-12-11","13.87"," 1803","0.92",,,"46","38","  300","  290","33.1","38.0",,,,,
"USW00025333","SITKA AIRPORT, AK US","2018-12-12","15.43"," 0014","0.05",,,"43","37","  230","  230","31.1","38.9",,,,,
"USW00025333","SITKA AIRPORT, AK US","2018-12-13","15.43"," 0014","0.05",,,"43","37","  230","  230","31.1","38.9",,,,,
"USW00025333","SITKA AIRPORT, AK US","2018-12-14","15.43"," 0014","0.05",,,"43","37","  230","  230","31.1","38.9",,,,,
"USW00025333","SITKA AIRPORT, AK US","2018-12-15","21.03"," 1236","0.00",,,"46","31","   90","   70","35.1","50.1",,,,,
"USW00025333","SITKA AIRPORT, AK US","2018-12-16","19.69"," 0002","0.31",,,"49","43","  120","  110","33.1","47.0",,,,,
"USW00025333","SITKA AIRPORT, AK US","2018-12-17","12.08"," 0213","0.35",,,"48","43","  110","  100","19.9","25.1",,,,,
"USW00025333","SITKA AIRPORT, AK US","2018-12-18","18.34"," 2354","0.62",,,"48","41","  250","  250","29.1","36.9",,,,,
"USW00025333","SITKA AIRPORT, AK US","2018-12-19","13.65"," 0050","0.28",,,"43","35","  250","  260","30.0","38.0",,,,,
"USW00025333","SITKA AIRPORT, AK US","2018-12-20","7.16"," 0303","0.42",,,"39","31","  220","  220","25.9","32.0",,,,,
"USW00025333","SITKA AIRPORT, AK US","2018-12-21","11.86"," 2309","0.00",,,"41","32","  100","  100","25.1","33.1",,,,,
"USW00025333","SITKA AIRPORT, AK US","2018-12-22","11.41"," 0033","0.00",,,"44","36","  100","  130","21.9","30.0",,,,,
"USW00025333","SITKA AIRPORT, AK US","2018-12-23","5.14"," 0108","0.08",,,"43","36","  100","  110","21.0","27.1",,,,,
"USW00025333","SITKA AIRPORT, AK US","2018-12-24","7.61"," 0813","0.61",,,"41","37","   90","  100","13.0","16.1",,,,,
"USW00025333","SITKA AIRPORT, AK US","2018-12-25","10.96"," 2137","0.00",,,"44","35","  110","  130","25.1","36.0",,,,,
"USW00025333","SITKA AIRPORT, AK US","2018-12-26","18.79"," 1301","0.21",,,"46","42","  120","  130","28.0","35.1","    1",,,,
"USW00025333","SITKA AIRPORT, AK US","2018-12-27","12.08"," 0131","0.26",,,"47","42","  230","  200","25.9","32.0","    1",,,,
"USW00025333","SITKA AIRPORT, AK US","2018-12-28","4.03"," 0103","0.03",,,"44","35","  100","  180","12.1","13.0","    1",,,,
"USW00025333","SITKA AIRPORT, AK US","2018-12-29","4.47"," 0221","0.13",,,"38","32","  310","  310","13.0","16.1",,,,,
"USW00025333","SITKA AIRPORT, AK US","2018-12-30","6.71"," 2016","0.20",,,"42","36","  120","  110","15.0","18.1",,,,,
"USW00025333","SITKA AIRPORT, AK US","2018-12-31","12.30"," 0634","0.89",,,"48","41","  100","  110","29.1","36.9",,,,,
